NA
NA
NA
NA
100576100
100576132
100576132
100576151
100576151
100576151
100576151
NA
100576163
100576404
100576418
NA
NA
NA
NA
100576527
100576527
NA
NA
NA
NA
NA
NA
NA
NA
100576621
NA
NA
NA
NA
NA
NA
NA
NA
100576742
100576742
100576742
100576742
NA
NA
100576908
100576908
NA
NA
100576945
100576965
100576965
NA
NA
NA
NA
NA
NA
NA
NA
NA
100577273
NA
NA
100577335
100577335
100577346
100577346
100577346
100577346
NA
NA
100577551
NA
100577576
100577576
NA
NA
NA
NA
NA
NA
NA
NA
NA
NA
NA
NA
NA
NA
NA
NA
NA
NA
NA
NA
NA
NA
NA
NA
NA
100578168
100578168
100578168
100578168
100578168
NA
NA
NA
NA
100578289
100578300
100578300
100578300
NA
NA
NA
NA
100578423
100578423
NA
NA
NA
NA
NA
NA
100578743
NA
NA
NA
NA
NA
100578907
NA
NA
NA
NA
NA
NA
NA
NA
NA
NA
NA
NA
NA
NA
NA
NA
102653940
102653940
102653940
102653940
NA
NA
NA
NA
NA
NA
NA
102654146
102654186
102654186
102654186
102654186
NA
102654426
102654426
102654426
NA
NA
NA
NA
NA
NA
NA
NA
NA
NA
NA
102654871
NA
102654970
NA
NA
NA
NA
NA
NA
NA
NA
NA
NA
102656006
102656006
NA
NA
NA
NA
NA
NA
NA
NA
NA
NA
NA
NA
NA
NA
NA
NA
NA
NA
NA
NA
107964020
NA
NA
107964351
107964351
107964351
NA
107964437
NA
NA
NA
NA
NA
NA
NA
NA
NA
NA
NA
107965085
107965179
NA
NA
NA
107965706
NA
NA
NA
NA
113218523
NA
NA
NA
NA
NA
NA
NA
NA
NA
NA
NA
NA
NA
NA
408276
408276
408276
408276
408285
408291
408291
NA
NA
NA
NA
NA
NA
NA
NA
NA
NA
NA
NA
408335
408335
408335
NA
NA
NA
408355
408365
408365
408365
408365
408365
NA
NA
NA
NA
NA
408431
NA
NA
NA
408509
408509
408509
408509
408509
408515
408515
408515
408515
408515
408516
NA
NA
NA
408543
NA
408547
NA
NA
NA
NA
NA
NA
NA
408590
408643
NA
NA
NA
408694
408694
408694
408694
408706
408706
408752
408752
408752
408752
408752
408752
408752
408752
408752
NA
NA
408791
408791
408791
408791
408791
408791
408791
NA
NA
NA
NA
NA
NA
408799
408799
408799
408799
NA
NA
NA
NA
NA
408811
408811
NA
NA
NA
408828
408828
408828
NA
NA
NA
NA
NA
NA
NA
NA
NA
NA
408890
408890
408890
NA
NA
408902
408918
NA
NA
NA
NA
NA
NA
NA
NA
NA
NA
NA
NA
NA
NA
NA
NA
NA
NA
409063
409063
409063
409063
409063
409066
409066
409066
409066
409073
409073
409073
409073
409073
409077
409077
409077
409077
409089
409119
409119
409119
NA
NA
NA
NA
NA
NA
NA
409150
409152
NA
NA
409202
409202
409202
409202
409202
409241
409241
NA
NA
NA
NA
NA
NA
NA
409294
409294
409294
NA
NA
NA
409314
409318
409326
409326
409326
409326
409326
NA
409342
409342
NA
409390
409390
409390
409390
409405
409441
NA
409457
409457
409457
409457
409457
409479
409479
409479
409486
409486
409513
NA
409528
409528
409528
409528
409531
409531
NA
NA
NA
NA
409552
409576
409576
409576
409576
409576
409576
409576
409576
409576
409576
409576
409576
409589
409589
409589
409599
409599
409599
409604
409609
NA
409637
409637
409637
409637
NA
409706
NA
NA
409728
409728
409728
409728
NA
NA
NA
NA
NA
NA
NA
NA
409781
409801
409804
409804
409804
409832
409832
409832
409845
409845
409845
409845
409845
409845
409845
409845
409849
409849
409849
NA
NA
NA
NA
NA
NA
NA
NA
410023
410023
410033
410056
410080
410080
410103
NA
NA
NA
410134
410134
410134
NA
NA
NA
NA
410174
410174
410174
410174
410188
410188
410188
410188
410188
410201
NA
NA
410255
NA
NA
410288
NA
NA
410308
410308
NA
NA
NA
NA
NA
410326
NA
410373
NA
NA
410420
410454
410454
410454
410454
NA
NA
NA
NA
410486
410486
410486
410486
410486
410486
410505
410505
410535
410535
410535
410535
410535
410554
NA
NA
NA
NA
NA
NA
NA
410613
410613
NA
NA
NA
NA
NA
410626
410626
410626
410626
410638
410638
410638
410638
410638
410638
NA
NA
NA
NA
NA
NA
NA
NA
NA
NA
NA
410752
410752
410752
410777
410777
410782
410782
410782
410782
NA
NA
NA
NA
410808
410808
410808
410808
410808
410808
410808
NA
NA
NA
NA
410905
410905
410905
410915
410915
410915
410915
410943
410943
410943
410943
NA
NA
410996
410996
410996
410996
410996
410996
410999
NA
NA
NA
NA
NA
NA
NA
411144
411144
411144
411144
411144
411147
411147
411147
411147
411147
411147
411147
411147
411147
411148
411148
411148
411148
411148
NA
411175
411175
411175
411181
411181
NA
411212
NA
NA
NA
NA
NA
411250
411250
411250
411250
NA
NA
NA
NA
NA
NA
NA
NA
411380
411380
411380
411494
411494
NA
NA
NA
411515
411515
411515
NA
NA
NA
NA
NA
NA
NA
NA
NA
NA
NA
411627
411627
411627
411627
411627
NA
NA
NA
NA
NA
NA
NA
NA
NA
NA
NA
NA
411698
411698
411698
411698
411705
411705
411705
411705
411705
411705
411705
411711
411729
411729
NA
NA
NA
NA
NA
NA
NA
NA
NA
NA
NA
NA
NA
NA
NA
NA
NA
NA
NA
NA
NA
411843
411843
NA
NA
NA
NA
NA
NA
412008
412008
412008
412020
412020
412020
412020
412020
412020
NA
NA
NA
NA
NA
NA
NA
412114
412114
412114
412114
412125
412125
412125
NA
412155
412155
412155
412155
NA
NA
NA
NA
NA
NA
NA
412245
412245
412245
412245
NA
NA
NA
412266
412266
412266
NA
NA
NA
NA
NA
412394
412394
412394
NA
NA
NA
NA
NA
NA
412470
412470
412470
NA
NA
NA
NA
412531
412531
412548
412548
412548
412548
412599
NA
NA
412635
412642
412681
412681
412755
412770
412770
412770
412770
412770
412770
412770
412770
NA
NA
NA
NA
NA
NA
412816
412816
412816
412816
412816
NA
412943
412943
NA
412965
412965
412994
412994
412994
NA
NA
NA
NA
NA
NA
NA
413040
413040
413040
NA
413098
413098
413133
413133
NA
NA
NA
NA
NA
NA
413195
413256
NA
NA
NA
NA
NA
NA
NA
NA
NA
413296
413296
413296
413296
413334
413334
413334
413334
413334
413356
413356
413356
NA
NA
NA
413388
413388
413388
413388
413388
413388
413388
413408
413408
NA
NA
NA
NA
NA
NA
NA
NA
NA
413470
413470
413470
413470
413523
413523
413523
NA
NA
413577
413577
413577
413577
NA
NA
NA
NA
NA
NA
NA
413672
413672
413672
413672
413688
413688
NA
413772
413781
413781
413791
413793
413793
413793
NA
NA
NA
NA
NA
NA
NA
NA
NA
NA
NA
NA
NA
413845
413845
413845
413845
NA
NA
NA
NA
413875
413875
413875
413884
413884
413884
413884
413934
413934
413934
413934
413997
414037
414037
414037
414037
550651
550651
550651
550651
550651
550711
550711
550715
550715
550715
550716
550716
550716
550716
550716
550716
550716
550716
NA
550914
NA
NA
NA
551031
NA
NA
NA
NA
NA
551107
551107
551107
551107
551109
551109
551109
551109
551109
NA
NA
551125
551125
551125
NA
551197
551197
551197
551197
551197
551200
NA
NA
NA
NA
NA
551240
551240
551240
551254
NA
NA
NA
NA
NA
NA
NA
NA
NA
NA
551309
551309
551309
NA
NA
551323
551323
551323
551323
551323
551330
551330
551330
551330
551372
NA
NA
NA
NA
NA
NA
551418
551418
551418
551418
551462
551517
551517
551548
551548
551548
NA
NA
NA
NA
NA
NA
551591
551591
551591
551602
551602
551602
551604
551604
551604
551604
551644
551644
551644
551644
551644
551656
551677
551677
551677
551677
551677
551677
551677
551679
NA
NA
NA
NA
NA
NA
NA
NA
NA
NA
NA
551721
551721
551721
551721
551721
NA
NA
NA
551744
551744
551774
NA
NA
NA
551845
551845
551845
551845
551845
551845
551845
551845
551845
551845
551867
551867
551867
551870
551870
551870
NA
NA
NA
551914
551930
551930
551930
551930
NA
NA
551957
551957
551957
551957
551957
551984
551984
NA
NA
NA
NA
NA
NA
NA
NA
NA
552073
NA
552121
NA
NA
NA
NA
NA
NA
NA
552144
552144
552144
552149
552149
552149
552149
NA
552185
552185
552186
552186
552186
552186
NA
552241
552241
552241
552241
NA
NA
NA
552272
552272
552272
552272
NA
NA
NA
NA
NA
NA
NA
NA
552318
552318
552318
552318
NA
NA
NA
NA
NA
NA
NA
552345
552345
NA
NA
552377
552377
552377
552377
552377
NA
552400
NA
552477
552477
552477
NA
NA
552494
552494
552494
552494
552494
552517
552517
552517
NA
NA
NA
NA
NA
NA
NA
NA
552564
552564
552564
NA
552632
552632
552632
552672
552672
NA
NA
NA
NA
NA
NA
NA
552745
552745
552745
552745
552745
552745
552745
552773
552774
552774
552774
552792
552792
552792
552792
552792
552792
NA
552812
552830
552830
552830
552830
724126
724138
724186
724186
724186
724186
724186
724233
724233
724233
NA
NA
NA
724244
724244
724244
724244
724244
724244
724264
724264
724264
NA
NA
NA
NA
NA
NA
724348
724348
724368
724368
724368
724368
724368
724368
724368
724369
724382
724382
NA
724487
NA
724505
724505
724505
724505
724505
724505
724505
724505
724505
724505
NA
NA
NA
NA
NA
NA
NA
NA
NA
NA
724672
724672
724672
724705
724708
724708
724708
NA
NA
NA
NA
NA
NA
NA
NA
NA
NA
NA
NA
NA
NA
NA
NA
NA
NA
724852
724852
724868
724868
724868
724888
724888
NA
NA
NA
NA
NA
NA
NA
NA
NA
NA
NA
724962
NA
NA
NA
NA
NA
NA
NA
NA
NA
NA
NA
NA
NA
725074
725074
NA
725167
725167
NA
725238
725238
725238
725238
725238
725238
NA
NA
NA
NA
NA
NA
725414
726542
726542
725272
725272
725272
725414
725272
726542
725272
726542
726542
725414
725414
725414
725274
725287
725287
725287
725287
NA
NA
NA
NA
NA
725320
725320
NA
NA
NA
NA
725344
725344
725344
725344
725344
NA
NA
725380
NA
NA
NA
725397
725401
725401
725401
725401
725401
725401
726542
725272
726542
725414
725272
726542
725272
725414
725414
725272
725414
725414
725272
726542
726542
NA
NA
NA
725460
725460
NA
725647
725647
725647
NA
NA
NA
725665
725665
725680
725680
725680
725680
725680
725680
725703
725746
725748
NA
NA
725813
725813
725813
725813
725828
NA
725884
725884
725884
725884
725884
725891
725891
725891
725901
725901
725901
725901
NA
NA
NA
NA
725943
725943
725943
725943
NA
725992
725992
NA
726013
726013
726013
726013
NA
NA
726053
726053
726056
726056
726056
NA
726095
726095
726095
726095
726095
726095
726099
726099
NA
NA
NA
NA
NA
NA
NA
NA
NA
NA
NA
NA
NA
NA
NA
726210
726210
726210
NA
NA
726247
726247
726270
726270
726270
726273
726273
726273
NA
726277
726277
726277
726289
726289
726289
726289
726289
NA
NA
NA
726338
726338
726338
726338
NA
726412
726412
726412
726428
726428
726428
726439
726439
726439
NA
726469
726469
726469
726469
726469
726469
726469
NA
NA
NA
NA
NA
NA
NA
NA
726495
NA
NA
NA
NA
726546
726546
NA
726711
726711
NA
726782
726788
726789
726789
726789
NA
NA
NA
NA
NA
NA
NA
NA
NA
NA
NA
NA
NA
NA
NA
NA
NA
NA
NA
NA
NA
727014
727030
727030
727030
727030
727030
727030
727078
727078
727078
NA
NA
NA
NA
727128
727128
727128
NA
NA
NA
727267
727267
727267
727267
727285
727285
727285
NA
NA
NA
727423
727510
NA
NA
NA
727647
552391
552391
552391
NA
NA
409716
406140
406140
406140
724880
724880
406122
406122
406122
408764
408764
408764
408764
408764
408764
408764
408764
408764
408764
408764
408764
NA
413115
409042
409042
409042
410798
410798
410798
410798
408995
408995
408995
725126
725126
725126
725126
725126
725126
544670
544670
544670
544670
100216325
100216325
100216325
100216325
410066
410066
410066
410066
406131
406131
406066
NA
NA
NA
406121
406121
406121
724143
724143
724143
724143
724143
724143
724143
724143
410478
410478
410478
410478
410478
410478
410478
410478
411321
411321
410068
677676
406099
406099
406099
724191
724191
724191
724191
724191
406120
406120
406120
406120
NA
NA
NA
406126
406126
406126
408540
408540
408540
408540
408930
408930
408930
408930
408930
408930
408273
408273
